Run semi-empirical minimization
 &qmmm
    qm_theory='AM1', grms_tol=0.0005,
 scfconv=1.d-10, ndiis_attempts=700,   qmcharge=0,
 /
   6    C1        1.3990       -0.2480       -0.0500 
   6    C2        0.4980       -1.3160        0.0180 
   6    C3       -0.8750       -1.0770        0.0360 
   6    C4       -1.3540        0.2310       -0.0030 
   6    C5       -0.4570        1.2990       -0.0730 
   6    C6        0.9270        1.0700       -0.1070 
   6    C7        1.8230        2.2580       -0.2130 
   8    O1        1.3750        3.3990       -0.2400 
   7    N1        3.1720        2.0600       -0.2980 
   1    H1        2.4580       -0.4780       -0.0570 
   1    H2        0.8690       -2.3380        0.0540 
   1    H3       -1.5730       -1.9100        0.0830 
   1    H4       -2.4240        0.4220        0.0160 
   1    H5       -0.8440        2.3160       -0.1070 
   1    H6        3.6300        1.1630       -0.3350 
   1    H7        3.7440        2.8870       -0.4080 

